model "cone" {
	color = 0, 0, 255 ;
    V1 = 0.5, 0.0,  -0.5 ;
    V2 = 0.46985, 0.171,  -0.5 ;
    V3 = 0.383, 0.3214,  -0.5 ;
    V4 = 0.25, 0.433,  -0.5 ;
    V5 = 0.0868, 0.4924,  -0.5 ;
    V6 = -0.0868, 0.4924,  -0.5 ;
    V7 = -0.25, 0.433,  -0.5 ;
    V8 = -0.383, 0.3214,  -0.5 ;
    V9 = -0.46985, 0.171,  -0.5 ;
    V10 = -0.5, 0.0,  -0.5 ;
    V11 = -0.46985, -0.171,  -0.5 ;
    V12 = -0.383, -0.3214,  -0.5 ;
    V13 = -0.25, -0.433,  -0.5 ;
    V14 = -0.0868, -0.4924,  -0.5 ;
    V15 = 0.0868, -0.4924,  -0.5 ;
    V16 = 0.25, -0.433,  -0.5 ;
    V17 = 0.383, -0.3214,  -0.5 ;
    V18 = 0.46985, -0.171,  -0.5 ;
    V19 = 0, 0, 0.5;
    Fbottom = (0, 200, 0) V1, V2, V3, V4, V5, V6, V7, V8, V9, V10, V11, V12, V13, V14, V15, V16, V17, V18 ;
    F1 = (0,0,255) V19,  V2 [0.9397, 0.342, 0.443], V1 [1.0, 0.0, 0.443];
    F2 = (0,0,255) V19,  V3 [0.766, 0.6428, 0.443], V2 [0.9397, 0.342, 0.443];
    F3 = (0, 0,255) V19,  V4 [0.5, 0.866, 0.443], V3 [0.766, 0.6428, 0.443];
    F4 = (0,0,255) V19,  V5 [0.1736, 0.9848, 0.443], V4 [0.5, 0.866, 0.443];
    F5 = (0,0,255) V19,  V6 [-0.1736, 0.9848, 0.443], V5 [0.1736, 0.9848, 0.443];
    F6 = (0,0,255) V19,  V7 [-0.5, 0.866, 0.443], V6 [-0.1736, 0.9848, 0.443];
    F7 = (0,0,255) V19,  V8 [-0.766, 0.6428, 0.443], V7 [-0.5, 0.866, 0.443];
    F8 = (0,0,255) V19,  V9 [-0.9397, 0.342, 0.443], V8 [-0.766, 0.6428, 0.443];
    F9 = (0,0,255) V19,  V10 [-1.0, 0.0, 0.443], V9 [-0.9397, 0.342, 0.443];
    F10 = (0,255,255) V19,  V11 [-0.9397, -0.342, 0.443], V10 [-1.0, 0.0, 0.443];
    F11 = (0,0,255) V19,  V12 [-0.766, -0.6428, 0.443], V11 [-0.9397, -0.342, 0.443];
    F12 = (0,0,255) V19,  V13 [-0.5, -0.866, 0.443], V12 [-0.766, -0.6428, 0.443];
    F13 = (0,0,255) V19,  V14 [-0.1736, -0.9848, 0.443], V13 [-0.5, -0.866, 0.443];
    F14 = (0, 0,255) V19,  V15 [0.1736, -0.9848, 0.443], V14 [-0.1736, -0.9848, 0.443];
    F15 = (0,0,255) V19,  V16 [0.5, -0.866, 0.443], V15 [0.1736, -0.9848, 0.443];
    F16 = (0,0,255) V19,  V17 [0.766, -0.6428, 0.443], V16 [0.5, -0.866, 0.443];
    F17 = (0,0,255) V19,  V18 [0.9397, -0.342, 0.443], V17 [0.766, -0.6428, 0.443];
    F18 = (0,0,255) V19,  V1 [1.0, 0.0, 0.443], V18 [0.9397, -0.342, 0.443];
}
